-4.624786316648792917e-01 -3.487232628137110768e-01 -4.685024118656355013e-03 -1.371503929546057099e-01 -3.704625047906029978e-01 -5.535516276493419596e-01 -9.861851830144234554e-02 -4.346609472022268106e-01 6.666285187057202286e-03 5.754440915916735760e-02
-3.699549349658582953e-01 5.413445788526154434e-01 1.187544958149822083e-01 -5.903546768014450441e-01 2.205678813604981803e-01 1.263975342064736773e-02 2.792856585231432986e-01 2.579762675884056944e-01 -8.286014974136451938e-02 8.503015099702571078e-02
7.901665127588326787e-02 -3.381313867139619234e-01 -4.492923553543928805e-01 -8.432047775668274903e-02 -2.593756114515626335e-02 2.750852563053365341e-01 5.078177707089814863e-01 -1.088818975123749810e-01 1.706643136666066707e-01 5.433643818500298872e-01
-2.085145427819243280e-01 4.629051226188859447e-01 -4.987850150737277999e-01 3.082213957232484217e-02 3.833384033728596263e-01 1.082285397561885860e-02 -1.988389936630155230e-01 -3.109716155067749899e-01 3.906758159087537763e-01 2.378459322656349684e-01
5.095774591872988257e-02 1.909415675451066607e-01 3.479833352045507699e-01 5.875609637738266056e-01 -2.230652483053491286e-02 5.019727571603899152e-01 2.831106835791352694e-02 -4.589858151133521247e-01 -1.708327220685901815e-01 -3.868842470262730954e-02
-2.351156060714139628e-01 6.401007170853363348e-01 4.242837617379396215e-02 -2.919726828330366786e-01 -3.596210718808153656e-02 -3.795203676624115396e-01 2.951684429383135688e-01 4.112209344681916900e-01 -2.141436827705565094e-01 2.302049080638081738e-02
3.213344575733884656e-01 2.266666189706417478e-01 4.931030348340993963e-01 2.241130115082447527e-01 -1.251042155003793122e-01 3.509906810070834160e-01 1.291414003282667922e-01 6.628901991050797915e-02 -1.192578450464740619e-01 -6.146946179983916458e-01
2.756807562159404538e-03 2.795924894069180544e-01 1.398647730324434624e-01 4.726289837907806518e-02 -1.977378337597312241e-01 6.986854152532940843e-01 -3.699097912461772886e-01 -3.806819622393737834e-01 1.660067712404711682e-01 -2.518981640686248635e-01
3.141108701166328565e-02 1.331565287270570878e-02 -3.278111580082569976e-01 -1.383293006105901779e-01 5.151105366142735842e-02 3.034708883190143092e-01 6.301514252903074320e-01 -2.348861328239472968e-01 5.565619524313197841e-01 -1.243760285995267889e-01
4.602479170615942500e-02 1.476494650934524200e-01 5.476932952718990277e-01 -4.894406324200818448e-01 -1.571718261932349980e-01 3.975228193094729190e-01 -1.299579815148521056e-01 2.144415832387742138e-01 -2.285442734798143749e-01 -3.724609326010041022e-01
1.462800155181222528e-01 -5.654126636838240350e-01 -3.419967367295391747e-01 1.687959635127940852e-02 -1.735601473877448619e-01 1.991327363311787540e-03 3.429992651257079972e-02 -4.107741519554674453e-02 5.599559997639991238e-01 -4.417265412942792402e-01
1.922918133484561309e-01 -1.664335431361368967e-01 -2.681048731956852185e-02 -3.204100839123639154e-03 1.259223052032401591e-01 5.260795055577341950e-01 -8.546530793875381504e-02 -2.871474704171604331e-01 4.113568729525102219e-01 6.188748880645735806e-01
-2.821419512331335144e-01 -4.642027500980218102e-01 -4.438902573171455979e-01 1.096620502310455547e-01 -1.347184956245124632e-01 3.400297451531479331e-01 1.976687316765218527e-01 3.934175993409147476e-01 3.670282503643346184e-01 -1.830792947941168591e-01
-3.444022107749040162e-01 -1.948822390531046445e-01 3.342992687163597043e-02 -2.914738051063563429e-01 9.644691058214749368e-02 2.544507792883785036e-01 4.647582551745528534e-02 1.972659516089405873e-01 -6.316817072543947642e-01 -4.931436384040103205e-01
4.742068654517765380e-01 -3.758878912973843273e-02 -2.350827506085929053e-01 -3.074804197328401822e-01 3.906494410715433685e-01 2.004655959992689696e-01 -2.827349353034098733e-01 -3.691191291317665046e-02 1.411183432932721360e-01 5.743670105244146340e-01
-2.823186277150041001e-01 -1.183796906029473406e-01 -5.049357857669661831e-01 -7.633183452725543494e-02 6.786222911484619535e-01 1.349237854739332165e-01 2.016669139966668911e-02 5.296863111502045363e-02 1.590631610562833476e-01 3.718193676072268916e-01
-8.061326855483494369e-02 -3.587638515630889313e-01 -3.769229754971379354e-01 1.272690004663142860e-01 3.495139728779993182e-02 1.369964706248537334e-01 -5.291764206505588097e-01 3.469299500674012937e-01 1.400065659600711054e-01 5.162771791711685543e-01
-2.233106052546951492e-01 2.501332765134536840e-01 -1.701677342748187660e-01 -4.443916487718721497e-01 -9.248200947803604521e-03 1.246686510030010769e-01 3.592560625398406038e-01 -5.823656882532068924e-01 3.270783657372321462e-01 2.651451486483180631e-01
3.076500416364180007e-02 3.549843657237948813e-01 2.730721059714608656e-01 6.375853743953399100e-01 3.557833458604457433e-01 -9.974533146637762360e-02 -1.315530437047711110e-01 4.876973181234452448e-01 1.054201748282184228e-02 1.261736983534915944e-02
2.282053182004226480e-02 -3.175085680113450270e-01 3.894702157916067331e-01 -2.435471823806571734e-01 1.662413066157346908e-01 5.560341305839653359e-01 -7.856249756975840215e-02 2.079372415643956640e-01 -2.705444037844269810e-03 -5.490335556700469688e-01
-4.552261386896524348e-02 5.460942571532835244e-01 -1.354800589015990875e-01 3.824192651140727039e-01 -6.015095276335926666e-01 7.986223515801940676e-02 -1.260027842272193332e-01 -1.472041696365839203e-01 1.024896992017139130e-01 -3.447721235368148007e-01
1.882701955179094666e-01 2.388807389465017472e-01 -5.208671954722066122e-01 -1.914624738905504331e-01 1.482266693725547702e-01 -5.297506836618703224e-02 -2.191095810083385220e-01 -2.168125072090950900e-01 6.909934497271306153e-01 -4.757824180465888841e-02
-5.312582265533715153e-01 -4.392708312203795762e-01 2.521686684591407102e-01 -6.944160257184739393e-02 2.629836047576767366e-01 -1.274244932564247423e-01 -5.488563423307192546e-02 4.251553253475420235e-01 4.144463644952919301e-01 -1.243463293596438757e-01
4.637777391241408864e-01 -4.423100732799363499e-02 -7.241629279335642932e-02 -5.125196541930295835e-01 5.994994091108531986e-01 8.103937835104856047e-02 -1.612405365246613875e-01 5.636220839543407135e-02 6.661339998428196518e-02 -3.397849830530361159e-01
-1.720114068642181540e-02 5.486978974232563644e-01 -4.225452093144340671e-01 1.761649186306750159e-01 6.645971924988869350e-02 -3.265051729900225047e-02 -3.197284147915854247e-01 1.816696494000359097e-01 -5.901676552992867197e-01 6.728520584500769820e-03
1.415297248258040597e-01 1.677860681135244780e-01 3.813562971041690175e-01 2.837165446075654018e-01 -5.319888558321748950e-02 4.624086047881158512e-01 -6.756726983553242027e-02 6.360262915206131851e-01 3.683322437670547705e-02 -3.143026634103049388e-01
-1.993906236892290240e-01 4.798215381259443024e-01 2.639889888006405338e-01 1.466212288322394086e-01 1.454594429010148682e-01 1.394514452858310050e-01 -7.790975110867955078e-02 7.568578922164249656e-01 -1.205476320390014705e-01 6.918102878185392046e-02
2.507216031359769115e-01 -5.904659319737631806e-01 1.169952699804114454e-01 1.800914502163148689e-01 1.176530432437363216e-01 -6.777028282681676341e-01 -1.168614615182858862e-01 -1.316048109218718731e-01 -1.548830147860897621e-01 1.194960230220669523e-01
4.513621515075674079e-02 -5.956776682023638518e-03 3.613723734165623647e-01 2.541403145413642650e-01 5.932147303079859935e-01 -8.155091233765011938e-02 -9.741147704115336869e-02 -3.970898578749634256e-01 1.340134745073456590e-01 -5.089859695080147794e-01
-1.332038877665507048e-01 -8.311918301930047714e-02 -7.446994044921479983e-01 -2.282919553276949731e-01 3.138939320148556034e-01 -1.199675624416328239e-02 -4.146589185800725330e-01 1.955183598942303036e-01 1.690221794245925502e-01 1.767547400000498425e-01
-5.954429899116643332e-01 -8.263111969774150634e-02 -2.588630112287674256e-01 -2.964197742629510191e-01 1.696906100867474620e-01 -2.087256662174011845e-01 -7.821671093410195730e-02 5.450680483008883970e-01 -4.751793667619683137e-02 3.254361847162501320e-01
1.784585821817548379e-01 5.098821745154790142e-01 2.389879696070772719e-01 -4.558487721884543764e-02 -5.255478207206100150e-01 7.000579277525575961e-02 -3.636398902350411744e-01 9.469506754588212505e-02 1.774191364728432141e-01 -4.418138447902667520e-01
-6.736409121050555004e-01 5.826775650479894264e-02 -1.311920981449025136e-01 4.255674585849507086e-01 1.041594704093583706e-01 8.632917420037400369e-02 3.952555844442305344e-01 -5.244519368171326329e-02 -4.084636119115055974e-01 1.928321662790542790e-02
-8.513825893709231485e-02 2.410027670654021903e-01 -8.442831620313906438e-02 2.915839603160843563e-01 -7.874558017746280392e-01 -7.059648015842621971e-02 -2.733067058303262353e-01 1.519526430733988409e-01 -1.644408327088402455e-01 3.043391943726553306e-01
1.231801540930890781e-01 -8.029906471630575415e-02 -6.789187376409129282e-01 -1.454639984552779930e-01 -3.242940458635086842e-01 -3.814204180994478222e-01 3.279310478393891448e-01 3.703517968658083803e-01 1.701218409254122085e-02 -2.552408988992776670e-02
-3.204271560180839140e-01 5.361916381838739420e-01 4.841529756764750142e-02 5.425316715467264350e-01 -1.619191881170645164e-01 -4.453099686795871648e-01 5.455007036398490383e-02 2.627827916656060303e-01 7.811211839499378196e-02 -1.024183023666402764e-01
-2.216611956179611598e-01 -4.795805785828191614e-02 6.585036158913907256e-01 -1.776970033533759319e-01 2.429176301086266032e-01 1.648635171892400553e-01 9.358978142733895278e-02 -5.540905497484034659e-02 -1.687272229155613867e-01 5.973910455218206517e-01
3.425047497175192079e-01 4.462927760614220363e-01 -1.951088265108851805e-01 2.834522351485093683e-01 -8.534748632939768986e-02 6.817724151017890977e-01 2.817620500923701532e-01 1.065320577097618321e-01 1.380034210712262560e-03 -4.756022035442274143e-02
-5.380857760344803092e-02 2.665028367468370574e-01 -3.015116060428530975e-01 3.032945747754128285e-01 1.564110657070952037e-01 6.339479714925756459e-01 -3.966384579325009652e-01 -3.759789717506095141e-01 -1.171571579025865312e-01 6.649452701338016969e-02
-4.024410509290986537e-01 -2.090145301133542466e-01 3.116642293997696767e-01 -3.461573829013713799e-01 1.272117410809606441e-01 -4.426301657281142554e-01 1.598087857098437203e-01 1.579903539567071788e-02 -1.066147326889442248e-01 5.728308229197573986e-01
-3.443035838958535266e-01 -1.696331886567715719e-01 2.782584886098005694e-01 -2.914176589340611856e-01 -1.435224008648610938e-01 4.646909679728190579e-01 -2.158777308476145795e-01 -2.913856083210574766e-01 -5.584595170901530681e-01 1.020069119910194805e-01
-1.565080861714799598e-01 1.229334599669342776e-01 3.962134837380026364e-01 -7.378056501150799251e-01 -9.518105151437984690e-02 1.453759228034155471e-01 -2.984907268626875720e-01 -1.121809405331526815e-01 -3.432286697752743310e-01 -9.679613964414243710e-02
2.182338702457433666e-01 2.670926226542884308e-02 -3.685879951656361730e-01 1.569146761672719770e-01 5.462016650513694671e-01 -2.640793868290632895e-01 1.365022069230179824e-01 -2.184463126541257572e-01 -5.967333876795497538e-01 2.578189245274308330e-02
-4.199119954529569321e-01 -3.543003247451811943e-02 -1.648994765571869803e-01 -5.874983540494278511e-01 1.566810319868228440e-01 -4.151708562368298105e-01 -3.191609804307439791e-01 2.830236659342195635e-02 -1.322916616314332994e-01 -3.646791065026394607e-01
1.243177117915199442e-01 -1.369838004711638156e-02 2.475186049624428786e-01 1.696560564452626874e-01 7.281890126433198107e-01 2.614094293627284293e-01 -2.737536119019309822e-01 6.557064652659269632e-02 2.771661278775834347e-01 -3.737018645602023792e-01
-4.640041758187130605e-01 1.102481743216369575e-01 4.042697595920699549e-01 -2.675321094297550828e-01 3.648085143497707405e-01 -6.331008567833834588e-02 -8.280970352175721916e-02 3.177114738360601459e-02 -5.556349818412815722e-01 -2.895643138321770671e-01
-1.343387516478306842e-01 3.757558014010430741e-02 -3.669991699879125990e-01 -3.036620197950020694e-01 3.195184907668978669e-01 -4.153967763228924581e-02 9.153155629759293643e-02 -7.173674204236919483e-01 -2.870501325876440024e-01 -2.107907291203860445e-01
-2.293101731121653386e-01 -3.064017122078541155e-01 -5.459801862445892162e-01 -1.781054169767826989e-01 -2.207862605118918881e-02 -5.693769248562523533e-01 -1.176915405963439853e-01 -5.782220048986359134e-02 -4.251352129998400842e-01 3.326753249480569885e-02
5.103682656006632845e-01 5.938116680745674225e-01 -2.145429732529556821e-01 1.991608899801877441e-01 3.145585013244779626e-02 -2.115205911233511982e-01 1.472844485258303082e-01 -3.574509892785043830e-01 8.844384881625046158e-02 3.133712255017259696e-01
6.690536133982351030e-01 -2.743041758037183531e-01 -6.363268494871103520e-02 -2.791270375427724604e-01 -8.417777539964749201e-02 3.219717995974799574e-01 1.002670086687912354e-01 1.196054311267389925e-01 1.525745357761875975e-01 -4.865940824724737102e-01
1.000000000000000000e+00 0.000000000000000000e+00 0.000000000000000000e+00 0.000000000000000000e+00 0.000000000000000000e+00 0.000000000000000000e+00 0.000000000000000000e+00 0.000000000000000000e+00 0.000000000000000000e+00 0.000000000000000000e+00
-1.000000000000000000e+00 0.000000000000000000e+00 0.000000000000000000e+00 0.000000000000000000e+00 0.000000000000000000e+00 0.000000000000000000e+00 0.000000000000000000e+00 0.000000000000000000e+00 0.000000000000000000e+00 0.000000000000000000e+00
0.000000000000000000e+00 1.000000000000000000e+00 0.000000000000000000e+00 0.000000000000000000e+00 0.000000000000000000e+00 0.000000000000000000e+00 0.000000000000000000e+00 0.000000000000000000e+00 0.000000000000000000e+00 0.000000000000000000e+00
0.000000000000000000e+00 -1.000000000000000000e+00 0.000000000000000000e+00 0.000000000000000000e+00 0.000000000000000000e+00 0.000000000000000000e+00 0.000000000000000000e+00 0.000000000000000000e+00 0.000000000000000000e+00 0.000000000000000000e+00
0.000000000000000000e+00 0.000000000000000000e+00 1.000000000000000000e+00 0.000000000000000000e+00 0.000000000000000000e+00 0.000000000000000000e+00 0.000000000000000000e+00 0.000000000000000000e+00 0.000000000000000000e+00 0.000000000000000000e+00
0.000000000000000000e+00 0.000000000000000000e+00 -1.000000000000000000e+00 0.000000000000000000e+00 0.000000000000000000e+00 0.000000000000000000e+00 0.000000000000000000e+00 0.000000000000000000e+00 0.000000000000000000e+00 0.000000000000000000e+00
0.000000000000000000e+00 0.000000000000000000e+00 0.000000000000000000e+00 1.000000000000000000e+00 0.000000000000000000e+00 0.000000000000000000e+00 0.000000000000000000e+00 0.000000000000000000e+00 0.000000000000000000e+00 0.000000000000000000e+00
0.000000000000000000e+00 0.000000000000000000e+00 0.000000000000000000e+00 -1.000000000000000000e+00 0.000000000000000000e+00 0.000000000000000000e+00 0.000000000000000000e+00 0.000000000000000000e+00 0.000000000000000000e+00 0.000000000000000000e+00
0.000000000000000000e+00 0.000000000000000000e+00 0.000000000000000000e+00 0.000000000000000000e+00 1.000000000000000000e+00 0.000000000000000000e+00 0.000000000000000000e+00 0.000000000000000000e+00 0.000000000000000000e+00 0.000000000000000000e+00
0.000000000000000000e+00 0.000000000000000000e+00 0.000000000000000000e+00 0.000000000000000000e+00 -1.000000000000000000e+00 0.000000000000000000e+00 0.000000000000000000e+00 0.000000000000000000e+00 0.000000000000000000e+00 0.000000000000000000e+00
0.000000000000000000e+00 0.000000000000000000e+00 0.000000000000000000e+00 0.000000000000000000e+00 0.000000000000000000e+00 1.000000000000000000e+00 0.000000000000000000e+00 0.000000000000000000e+00 0.000000000000000000e+00 0.000000000000000000e+00
0.000000000000000000e+00 0.000000000000000000e+00 0.000000000000000000e+00 0.000000000000000000e+00 0.000000000000000000e+00 -1.000000000000000000e+00 0.000000000000000000e+00 0.000000000000000000e+00 0.000000000000000000e+00 0.000000000000000000e+00
0.000000000000000000e+00 0.000000000000000000e+00 0.000000000000000000e+00 0.000000000000000000e+00 0.000000000000000000e+00 0.000000000000000000e+00 1.000000000000000000e+00 0.000000000000000000e+00 0.000000000000000000e+00 0.000000000000000000e+00
0.000000000000000000e+00 0.000000000000000000e+00 0.000000000000000000e+00 0.000000000000000000e+00 0.000000000000000000e+00 0.000000000000000000e+00 -1.000000000000000000e+00 0.000000000000000000e+00 0.000000000000000000e+00 0.000000000000000000e+00
0.000000000000000000e+00 0.000000000000000000e+00 0.000000000000000000e+00 0.000000000000000000e+00 0.000000000000000000e+00 0.000000000000000000e+00 0.000000000000000000e+00 1.000000000000000000e+00 0.000000000000000000e+00 0.000000000000000000e+00
0.000000000000000000e+00 0.000000000000000000e+00 0.000000000000000000e+00 0.000000000000000000e+00 0.000000000000000000e+00 0.000000000000000000e+00 0.000000000000000000e+00 -1.000000000000000000e+00 0.000000000000000000e+00 0.000000000000000000e+00
0.000000000000000000e+00 0.000000000000000000e+00 0.000000000000000000e+00 0.000000000000000000e+00 0.000000000000000000e+00 0.000000000000000000e+00 0.000000000000000000e+00 0.000000000000000000e+00 1.000000000000000000e+00 0.000000000000000000e+00
0.000000000000000000e+00 0.000000000000000000e+00 0.000000000000000000e+00 0.000000000000000000e+00 0.000000000000000000e+00 0.000000000000000000e+00 0.000000000000000000e+00 0.000000000000000000e+00 -1.000000000000000000e+00 0.000000000000000000e+00
0.000000000000000000e+00 0.000000000000000000e+00 0.000000000000000000e+00 0.000000000000000000e+00 0.000000000000000000e+00 0.000000000000000000e+00 0.000000000000000000e+00 0.000000000000000000e+00 0.000000000000000000e+00 1.000000000000000000e+00
0.000000000000000000e+00 0.000000000000000000e+00 0.000000000000000000e+00 0.000000000000000000e+00 0.000000000000000000e+00 0.000000000000000000e+00 0.000000000000000000e+00 0.000000000000000000e+00 0.000000000000000000e+00 -1.000000000000000000e+00
