2.177166836985912901e-01 3.331933438480850218e-01 1.519140111574635299e-01 -3.038319073754338628e-01 -2.310903785905246144e-01 -3.090220502112608347e-01 2.564256298811059542e-01 1.866587264995492601e-01 -3.230042064501661980e-01 6.102173831615539390e-01
-2.499966277626383682e-01 -4.544485098096178732e-01 -2.623094913844507547e-01 -3.217566746813160794e-01 -2.459763675892454871e-01 4.697934572096412742e-01 -1.049510740281556498e-01 4.833159809777462512e-01 -6.018394911786423968e-02 -1.708893562449871895e-01
1.828045073775876328e-01 -4.665159778822046133e-01 1.126191184554343472e-01 -2.356248829107224774e-01 -4.604326855917958983e-01 -8.357039674110443295e-02 -1.334871268163792812e-01 -3.079174427976070216e-01 -5.181501127602116119e-01 2.839884329401600738e-01
-2.649985165766831074e-01 -7.637819705986251817e-01 8.894242503708250924e-02 -2.187150178747631069e-01 -4.106067089896662387e-02 1.269482017161263909e-01 1.030711987688786718e-01 2.786844763845909845e-01 8.161677988744235612e-02 4.217985784933007132e-01
-2.594032437218083409e-01 -2.967977657937990177e-01 -3.316717448751673736e-01 4.425697082248432057e-01 9.072325783054892290e-02 1.977684134546444095e-01 -2.626740440581821212e-01 4.968978311936633752e-01 2.915153097957196016e-01 -3.008614491684773462e-01
-3.404039560203842019e-01 -6.200864553351528308e-01 -5.783914793139933730e-01 4.269163368314984885e-02 -3.169070882017683416e-02 -2.048618702893081067e-01 -1.791951172449330609e-01 1.302722573791097183e-01 -1.790536316656964888e-01 -1.978484639371359544e-01
-3.590999736402170767e-02 -9.791225218189698876e-02 5.053087150683127637e-01 1.126460992852602733e-01 3.635212371736083470e-01 3.655353445373286103e-01 -3.012856547869996807e-02 -4.218952285145867176e-01 5.208125034373238815e-01 7.200601178876672726e-02
-9.432920073978626196e-02 -4.729682462656801256e-01 3.767841310164611879e-01 3.857272168827823311e-01 7.632622741530925570e-02 -4.370322365569626055e-01 -1.760428659851751010e-01 1.706686814942091901e-02 4.091301955776229793e-01 -2.848833415885719811e-01
6.591750772823332105e-02 -2.163718471971601831e-01 5.114471728093578085e-01 3.296868806581963046e-02 -4.166870727497349880e-01 -3.954174574223688898e-01 -4.302339056796474215e-01 2.006186005268884576e-01 -3.326949215837805007e-01 -1.419680647027282139e-01
5.608322580170396199e-01 2.876925552784322937e-01 -2.744076528965790351e-01 -2.598505675666055309e-02 -4.438969039024309726e-01 -1.991806953401924485e-01 -4.141506937160283619e-01 1.581074014985255627e-01 -9.657787867744256627e-02 -2.901067803546373836e-01
3.643835571279528396e-01 1.928711966881571371e-01 -5.179049310550496443e-01 -1.844888450203773234e-01 6.672850863555170042e-02 -5.161401616274936821e-02 2.668743278362323834e-01 -1.782686832347174788e-01 6.058544514308220608e-01 2.249127077485235937e-01
-3.321007726670329591e-02 -9.960869253973778092e-02 1.390413450962229647e-03 -4.141378219004942518e-01 -2.712629136898140891e-01 2.030247243397119150e-01 -5.177730362751266080e-01 -1.696418281832619279e-01 -5.088659611046946196e-01 3.832084158650255756e-01
1.183054563308078844e-01 -1.514239504144576087e-01 -2.352458216755483611e-01 5.734190511153255398e-01 6.670087415206001069e-02 -4.313905403756701507e-01 -4.411446116815020413e-01 4.062587091859116706e-01 -1.103596201170403690e-02 -1.691191794109211388e-01
4.496589002387785250e-01 -8.366926598255107483e-02 -1.954000519978204425e-02 -8.577029507484211501e-02 7.691431584359713358e-02 -4.791629376696470398e-03 6.839383196020812350e-02 -7.723613543173729612e-01 -2.132038233389746754e-02 4.188733266224489160e-01
4.430908722524937726e-01 2.312102686127127937e-01 1.928820233547724056e-02 -1.695670507073273880e-01 1.094823677083407859e-01 -1.826231837488717091e-01 -6.759853234947127421e-01 3.977878449182443155e-01 8.286992014956785779e-02 -2.317129782457144904e-01
-1.146550132274282430e-01 -3.744416397991153778e-01 3.649343720709471994e-01 -1.516565047446572778e-01 3.888647049431128710e-01 -1.210880334400717823e-01 -2.447274119268454118e-01 1.504603866663672962e-01 -3.421588550527027844e-02 6.639971863330390578e-01
4.123682836311112765e-01 -3.987549264256221582e-01 3.537075987768339980e-02 2.479786005858684861e-01 -7.482116203535493781e-02 -4.470729822434445500e-01 5.551032907089464841e-01 1.290786709996312454e-01 2.319289274688630664e-01 -1.553640193333711284e-01
5.119563363759489505e-01 -1.228919477591878945e-01 -3.042475249465253495e-01 -5.014225121722487750e-03 -1.379019486441891706e-01 4.796662766698165173e-03 1.576288244247832648e-01 -4.608739692475132266e-01 5.422197592818239070e-03 -6.114618242139215898e-01
-1.188216883754450032e-01 2.307169057394130307e-01 -2.246086445336776816e-01 -1.336470658615687979e-01 5.209278846361745652e-01 -6.629688223424161642e-01 -3.473618487181494019e-01 1.738450677966601327e-02 9.166025781205598688e-02 1.551867780847702438e-01
3.740960891698846824e-01 -4.955239396059220591e-01 8.586989484474383261e-02 -3.340222978437289436e-01 1.429766131537129614e-01 -4.601005495732439776e-01 1.748592035029984115e-01 4.224416096313068358e-01 -1.196074583518237922e-01 2.002253248974476818e-01
5.953508701211625009e-01 3.673610476433957772e-01 2.688620762213978638e-02 1.038952227727436284e-01 -3.097884251138120493e-01 1.900673316582998096e-01 5.905092696806979458e-02 -1.648152214808923655e-01 -4.686619837636959440e-01 3.416087433218212843e-01
-4.489130290860136874e-02 6.724635775080589628e-01 -2.896971945313024932e-01 7.184580533762426058e-02 -3.352007308583677125e-01 7.561318037206340992e-02 -1.422689698866409502e-01 -6.206860368489695856e-02 -1.662820835149304011e-01 5.356039935589396173e-01
-3.345723718595577240e-02 -1.924280526746028341e-01 3.328125307812007661e-01 -3.801304053436552755e-01 1.767557885388613415e-01 -6.230044698257153346e-01 -1.144883580807902201e-01 -1.695977573399619631e-01 4.518512623686122831e-01 -2.029064493117948287e-01
-4.540782081014133054e-01 -5.139103043465765852e-01 -2.562503265150802845e-01 -6.456024445847896587e-02 -2.799050750571965840e-01 -2.750155643137878747e-01 4.143473391483498136e-01 1.390594211374725775e-01 2.823556001108460389e-01 1.874849017180481858e-01
-8.714740984548557945e-02 4.689789052279969006e-02 3.420400660770651635e-01 -3.208185464009036814e-01 -2.922668896881084888e-01 3.948047430268195601e-01 -2.611476700248995808e-01 -1.995274426093595344e-01 -5.693056623455244880e-02 6.463349403328406684e-01
-3.660862037961234994e-01 -5.378063600965307112e-01 1.899223314910126678e-02 3.554306002679192833e-01 -3.000983931751716738e-01 -2.244443729052143233e-01 -7.085433422680022242e-02 -4.785329453833589985e-01 7.351328900602371180e-03 2.748656276352594574e-01
-2.408594903287289979e-01 -2.695933364504579099e-01 -2.441361775111925980e-01 2.422215689107675152e-01 5.405788474898653301e-02 6.389272260275655202e-02 -2.763237998951909580e-01 1.014267699951962448e-01 9.262430802152517295e-02 -8.054851630185095868e-01
-1.476818186489512186e-01 4.282051763541886436e-01 -2.239327423029580447e-02 -7.931367443674169904e-02 3.964547390186050069e-01 -2.688286521627091807e-01 -5.329572443638807000e-01 -4.088394290755092420e-01 3.128710101556391177e-01 9.752801292006912925e-02
5.260369892251544055e-01 -1.635278899434318700e-01 -4.402268351887355657e-01 -1.349766012359366329e-01 2.348278261645723175e-01 -5.091158808926006252e-01 1.476759455491639395e-01 -3.847600644939067616e-01 -1.131226019666857832e-02 1.434637250001024288e-02
-4.474468821684697561e-02 6.284387509675606331e-01 -6.369468473547772180e-02 -5.513127509882871646e-03 4.347898660943096405e-01 -3.916387530265102133e-03 -1.756250676333244096e-02 -1.474127348372058222e-01 1.867892539588050793e-01 -5.941283485410698839e-01
-3.842724024331879984e-01 -1.384089924115538828e-01 1.870945857635170906e-01 -1.466688213085057813e-01 7.042892113006578025e-01 2.460459885072261710e-01 -2.538144677533660243e-02 2.335925061138222625e-01 3.806628745289040716e-01 1.413708667627162074e-01
2.471226515862891271e-01 6.235502825791829073e-02 3.851013630238035446e-01 2.261441127878742463e-01 -5.152656262835813017e-01 -5.038768429121585068e-01 2.500649525205792534e-01 -2.755158493664053299e-01 -2.783131939412335498e-01 -1.754394103364694327e-02
-7.978617537889905187e-02 -4.220073375100903412e-01 3.701975529444330171e-01 2.842966739195224579e-01 4.407559424044822372e-01 5.390840099502957061e-01 3.325411890658960812e-01 4.671755662727142960e-02 1.837319191395793546e-04 5.437781656947950938e-03
-3.743059494173377466e-01 3.579888026178838500e-01 3.446017259823257461e-01 2.653692246731682580e-01 1.759402625255750419e-01 -3.928591957412447266e-02 -1.038409648419263281e-01 -4.858588746635235101e-01 -3.962846553376282999e-01 3.258622698293551223e-01
2.419765410905368452e-01 9.415245900331471740e-02 3.630183936314304027e-01 1.459033206691242868e-01 -4.628130951121035147e-02 6.669537589562956059e-01 2.216927124859856268e-01 -3.867307504137770802e-01 -2.645271265594439369e-01 2.527060069758326200e-01
-4.847810813557056342e-01 6.682047836644863237e-01 6.364852021120909198e-02 1.263023159010389640e-01 1.568237574173830806e-01 -2.542369414345239595e-02 1.777172463955576634e-04 4.937485129744101364e-01 -1.715401920172619499e-01 5.704636786085009494e-03
7.185716508450326057e-01 -2.910200288796183643e-01 -1.697802054450907594e-01 4.787746090791650949e-02 5.059917033633007932e-01 -1.060441589460008605e-01 1.844434354301031365e-01 6.721247302898766818e-02 8.799986359496796140e-02 -2.330036803423099490e-01
1.084434199632955537e-01 -1.513978934332944719e-02 6.590124323548330887e-01 1.161607158061812445e-01 3.358807209221078005e-01 -4.853813577332866669e-01 1.977865745990317059e-01 -5.630496278837202745e-02 1.264432546323976947e-01 -3.654196462425778891e-01
-8.122184869096629733e-02 9.228182414129162958e-02 -2.451794770610517815e-01 -2.212279910188792442e-01 2.170437382932767223e-01 -7.384444885179064499e-02 -6.621003691076234876e-01 3.673050765113998750e-01 5.445806133862311077e-02 4.970067311811725563e-01
-2.394519301928469124e-01 1.606426327885669136e-01 -3.044362137184503658e-01 -1.762687841460783000e-01 2.904768771586873632e-01 2.335730629116917756e-01 -2.019415598694625502e-01 -2.132569508627896460e-01 -7.535392715761221050e-01 9.543520682841604222e-03
1.679948639027012136e-01 4.513387384750358611e-02 -5.229007319535040610e-01 -6.356745321534690296e-01 3.931152211399512320e-01 2.660965778965807549e-01 3.125728121358146983e-02 2.080740442810485036e-01 7.759500782490437454e-02 -1.288161332905198853e-01
-3.075857613833554161e-01 8.706883776248126872e-02 -3.626847433629498130e-01 -4.950564127441094420e-01 3.598191161114362990e-01 2.863328682923882776e-02 1.236898290951851387e-01 -4.559631976550430066e-01 1.497248658533648635e-01 -3.811563113625702770e-01
1.671255603746931440e-01 -1.879376492049315561e-01 1.580281153996120624e-01 4.873355741953370179e-01 -1.565200140582192756e-01 4.787778154903632455e-02 2.970671187408119307e-01 -4.829916077221662052e-01 -5.576133630414927822e-01 1.225822759269072637e-01
-3.437378643599223876e-02 -9.809932640489146816e-02 1.176786823357696549e-01 -5.603314717675275114e-01 -1.507780528060397307e-01 1.907744116399144041e-01 -2.200604592869909448e-01 3.848627045162127946e-01 6.308546876409507620e-01 -8.787999262221132812e-02
1.825330544171768418e-02 -3.832670450875053092e-01 -1.519383592544604478e-01 6.630155065635802147e-01 3.563824300001409151e-01 -3.065013997667005441e-01 -1.934142993515739484e-01 -9.446127955747297966e-02 -2.323639632312993197e-01 -2.623390585178674295e-01
2.827717528690186499e-02 4.573815909324795426e-01 2.928776666726786715e-01 -2.848390096068049160e-01 1.752994179010059494e-01 2.507303530569500172e-01 7.664678422254082857e-02 6.622888451165030999e-01 -1.419796006040170144e-01 -2.546308030440760928e-01
-4.787890165630508954e-01 3.410681278258902438e-01 -4.183005186916778362e-01 3.284199474120569895e-01 -1.586514176315390601e-01 -1.311840920027697310e-01 -2.790136170833965590e-01 2.690296605564806987e-01 2.747630995833956202e-01 -3.217122441300687141e-01
1.891212868470770470e-01 -2.246227212701961129e-01 4.073220203810101747e-01 2.273082300869100070e-01 1.931526131681393088e-01 2.277593282121150031e-01 -1.888160572757370814e-01 -6.955338004267963559e-01 -1.998903549739004248e-01 2.182666800126895068e-01
-2.978664624691461649e-01 4.312920261530716615e-01 -7.562271319807312153e-01 7.674915942751348030e-02 5.273924948084508096e-02 1.340527719156706273e-02 -2.380586370967117393e-01 1.980415364012710622e-01 8.369853992226509998e-02 -2.040438918033042337e-01
2.527057541589662337e-01 2.348791073079286307e-01 4.720045257542359596e-01 2.023375305946832903e-01 2.244468692551395694e-01 5.462055059045183292e-01 -2.700754378834313921e-02 2.543855902619850951e-01 -2.928495938448175684e-01 -3.425254527435971363e-01
1.000000000000000000e+00 0.000000000000000000e+00 0.000000000000000000e+00 0.000000000000000000e+00 0.000000000000000000e+00 0.000000000000000000e+00 0.000000000000000000e+00 0.000000000000000000e+00 0.000000000000000000e+00 0.000000000000000000e+00
-1.000000000000000000e+00 0.000000000000000000e+00 0.000000000000000000e+00 0.000000000000000000e+00 0.000000000000000000e+00 0.000000000000000000e+00 0.000000000000000000e+00 0.000000000000000000e+00 0.000000000000000000e+00 0.000000000000000000e+00
0.000000000000000000e+00 1.000000000000000000e+00 0.000000000000000000e+00 0.000000000000000000e+00 0.000000000000000000e+00 0.000000000000000000e+00 0.000000000000000000e+00 0.000000000000000000e+00 0.000000000000000000e+00 0.000000000000000000e+00
0.000000000000000000e+00 -1.000000000000000000e+00 0.000000000000000000e+00 0.000000000000000000e+00 0.000000000000000000e+00 0.000000000000000000e+00 0.000000000000000000e+00 0.000000000000000000e+00 0.000000000000000000e+00 0.000000000000000000e+00
0.000000000000000000e+00 0.000000000000000000e+00 1.000000000000000000e+00 0.000000000000000000e+00 0.000000000000000000e+00 0.000000000000000000e+00 0.000000000000000000e+00 0.000000000000000000e+00 0.000000000000000000e+00 0.000000000000000000e+00
0.000000000000000000e+00 0.000000000000000000e+00 -1.000000000000000000e+00 0.000000000000000000e+00 0.000000000000000000e+00 0.000000000000000000e+00 0.000000000000000000e+00 0.000000000000000000e+00 0.000000000000000000e+00 0.000000000000000000e+00
0.000000000000000000e+00 0.000000000000000000e+00 0.000000000000000000e+00 1.000000000000000000e+00 0.000000000000000000e+00 0.000000000000000000e+00 0.000000000000000000e+00 0.000000000000000000e+00 0.000000000000000000e+00 0.000000000000000000e+00
0.000000000000000000e+00 0.000000000000000000e+00 0.000000000000000000e+00 -1.000000000000000000e+00 0.000000000000000000e+00 0.000000000000000000e+00 0.000000000000000000e+00 0.000000000000000000e+00 0.000000000000000000e+00 0.000000000000000000e+00
0.000000000000000000e+00 0.000000000000000000e+00 0.000000000000000000e+00 0.000000000000000000e+00 1.000000000000000000e+00 0.000000000000000000e+00 0.000000000000000000e+00 0.000000000000000000e+00 0.000000000000000000e+00 0.000000000000000000e+00
0.000000000000000000e+00 0.000000000000000000e+00 0.000000000000000000e+00 0.000000000000000000e+00 -1.000000000000000000e+00 0.000000000000000000e+00 0.000000000000000000e+00 0.000000000000000000e+00 0.000000000000000000e+00 0.000000000000000000e+00
0.000000000000000000e+00 0.000000000000000000e+00 0.000000000000000000e+00 0.000000000000000000e+00 0.000000000000000000e+00 1.000000000000000000e+00 0.000000000000000000e+00 0.000000000000000000e+00 0.000000000000000000e+00 0.000000000000000000e+00
0.000000000000000000e+00 0.000000000000000000e+00 0.000000000000000000e+00 0.000000000000000000e+00 0.000000000000000000e+00 -1.000000000000000000e+00 0.000000000000000000e+00 0.000000000000000000e+00 0.000000000000000000e+00 0.000000000000000000e+00
0.000000000000000000e+00 0.000000000000000000e+00 0.000000000000000000e+00 0.000000000000000000e+00 0.000000000000000000e+00 0.000000000000000000e+00 1.000000000000000000e+00 0.000000000000000000e+00 0.000000000000000000e+00 0.000000000000000000e+00
0.000000000000000000e+00 0.000000000000000000e+00 0.000000000000000000e+00 0.000000000000000000e+00 0.000000000000000000e+00 0.000000000000000000e+00 -1.000000000000000000e+00 0.000000000000000000e+00 0.000000000000000000e+00 0.000000000000000000e+00
0.000000000000000000e+00 0.000000000000000000e+00 0.000000000000000000e+00 0.000000000000000000e+00 0.000000000000000000e+00 0.000000000000000000e+00 0.000000000000000000e+00 1.000000000000000000e+00 0.000000000000000000e+00 0.000000000000000000e+00
0.000000000000000000e+00 0.000000000000000000e+00 0.000000000000000000e+00 0.000000000000000000e+00 0.000000000000000000e+00 0.000000000000000000e+00 0.000000000000000000e+00 -1.000000000000000000e+00 0.000000000000000000e+00 0.000000000000000000e+00
0.000000000000000000e+00 0.000000000000000000e+00 0.000000000000000000e+00 0.000000000000000000e+00 0.000000000000000000e+00 0.000000000000000000e+00 0.000000000000000000e+00 0.000000000000000000e+00 1.000000000000000000e+00 0.000000000000000000e+00
0.000000000000000000e+00 0.000000000000000000e+00 0.000000000000000000e+00 0.000000000000000000e+00 0.000000000000000000e+00 0.000000000000000000e+00 0.000000000000000000e+00 0.000000000000000000e+00 -1.000000000000000000e+00 0.000000000000000000e+00
0.000000000000000000e+00 0.000000000000000000e+00 0.000000000000000000e+00 0.000000000000000000e+00 0.000000000000000000e+00 0.000000000000000000e+00 0.000000000000000000e+00 0.000000000000000000e+00 0.000000000000000000e+00 1.000000000000000000e+00
0.000000000000000000e+00 0.000000000000000000e+00 0.000000000000000000e+00 0.000000000000000000e+00 0.000000000000000000e+00 0.000000000000000000e+00 0.000000000000000000e+00 0.000000000000000000e+00 0.000000000000000000e+00 -1.000000000000000000e+00
